      27.0      13.7
      28.0       1.0
      29.0       6.5
      38.0       1.2
      39.0      21.0
      40.0       4.8
      41.0      30.8
      42.0       2.5
      43.0       7.2
      50.0       1.9
      51.0       6.4
      52.0       3.3
      53.0      13.1
      54.0       1.9
      55.0      11.2
      63.0       2.1
      65.0       7.4
      66.0       7.8
      67.0      28.4
      68.0      18.3
      69.0       7.6
      70.0       2.4
      77.0      20.1
      78.0       4.4
      79.0      36.4
      80.0      11.8
      81.0       8.2
      82.0       4.9
      91.0      21.7
      92.0      11.4
      93.0     100.0
      94.0      17.2
      95.0      18.8
      96.0       1.5
     103.0       1.0
     105.0       6.0
     106.0       2.0
     107.0      27.3
     108.0       8.5
     119.0       1.0
     121.0      63.4
     122.0       6.5
     136.0      15.1
     137.0       1.8
