      15.0       2.1
      18.0       3.4
      27.0       5.0
      28.0       2.2
      29.0       1.1
      38.0       1.7
      39.0       9.9
      40.0       1.8
      41.0       5.7
      43.0       3.2
      50.0       3.1
      51.0       9.2
      52.0       3.5
      53.0       3.4
      55.0      17.7
      62.0       1.4
      63.0       3.5
      64.0       1.1
      65.0       7.3
      66.0       3.0
      67.0       1.1
      75.0       1.0
      77.0      20.7
      78.0       5.5
      79.0       5.2
      81.0       1.7
      89.0       1.3
      91.0      14.2
      92.0       1.9
      93.0       4.5
      94.0       4.9
      95.0       1.0
     102.0       1.3
     103.0      18.8
     104.0      13.7
     105.0       5.6
     106.0       1.0
     107.0       2.7
     115.0       1.8
     119.0       1.6
     120.0       1.0
     121.0      14.4
     122.0       5.4
     131.0      18.3
     132.0       7.7
     133.0      14.5
     134.0       1.7
     135.0       1.3
     137.0      15.2
     138.0       1.5
     147.0       4.0
     149.0      28.8
     150.0       3.0
     163.0       3.6
     164.0     100.0
     165.0      11.1
     166.0       1.0