      18.0       5.2
      27.0       8.6
      28.0       1.5
      29.0       9.2
      31.0       1.7
      39.0      11.0
      40.0       2.5
      41.0      67.9
      42.0       3.7
      43.0       5.6
      51.0       2.1
      52.0       1.0
      53.0       7.9
      54.0       1.1
      55.0       8.0
      56.0       2.1
      57.0       3.3
      59.0       2.5
      65.0       1.9
      67.0      10.0
      68.0      19.3
      69.0     100.0
      70.0       7.5
      71.0       5.6
      77.0       5.0
      79.0       6.5
      80.0       7.7
      81.0       6.4
      82.0       2.3
      83.0       2.5
      84.0       6.3
      85.0       1.7
      91.0       5.4
      92.0       5.8
      93.0      30.3
      94.0       4.6
      95.0       2.7
      96.0       2.3
      97.0       1.3
     105.0       3.0
     107.0       2.8
     109.0       1.3
     110.0       1.0
     111.0       4.8
     119.0       1.5
     121.0       7.1
     123.0       8.1
     136.0       4.6
     139.0       1.4
     154.0       1.6
     161.0       2.0