      15.0       1.6
      26.0       4.3
      27.0      29.1
      28.0       2.9
      29.0       2.9
      31.0       1.9
      37.0       4.7
      38.0       8.8
      39.0      51.5
      40.0      32.3
      41.0      32.2
      42.0      17.8
      43.0       1.5
      49.0       2.0
      50.0       8.3
      51.0      10.6
      52.0       5.7
      53.0      77.2
      54.0       3.7
      61.0       2.3
      62.0       3.1
      63.0       3.9
      65.0       9.1
      66.0       6.1
      67.0     100.0
      68.0      92.1
      69.0       5.4
      70.0       1.0
      79.0       1.1
      92.0       1.7
      93.0       3.8
      94.0       1.0
