      27.0       9.3
      28.0       1.0
      29.0       5.6
      39.0      15.6
      40.0       5.8
      41.0      19.3
      42.0       2.9
      43.0       3.5
      50.0       1.3
      51.0       4.6
      52.0       2.4
      53.0      17.1
      54.0       1.6
      55.0       7.1
      63.0       1.6
      65.0       4.9
      66.0       2.9
      67.0      44.7
      68.0     100.0
      69.0       9.1
      77.0      11.7
      78.0       3.0
      79.0      22.8
      80.0      11.1
      81.0      10.9
      82.0       2.4
      91.0      12.7
      92.0      18.8
      93.0      59.1
      94.0      22.6
      95.0       7.6
     105.0       4.4
     106.0       1.4
     107.0      17.1
     108.0       4.9
     119.0       1.4
     121.0      19.5
     122.0       1.9
     136.0      22.6
     137.0       2.7