      15.0       1.8
      18.0       3.6
      27.0      17.2
      28.0       6.7
      29.0       8.7
      31.0       1.5
      32.0       1.6
      38.0       1.0
      39.0      18.4
      40.0       4.2
      41.0      62.0
      42.0       4.9
      43.0      39.2
      44.0       1.2
      45.0       1.4
      50.0       1.2
      51.0       3.3
      52.0       1.7
      53.0      11.9
      54.0       2.1
      55.0      45.4
      56.0       9.4
      57.0       2.9
      58.0       2.4
      59.0       3.9
      63.0       1.0
      65.0       3.0
      66.0       1.3
      67.0      16.9
      68.0      15.4
      69.0      49.5
      70.0       4.2
      71.0     100.0
      72.0       7.7
      73.0       3.9
      77.0       7.0
      78.0       1.2
      79.0      12.3
      80.0      29.8
      81.0      11.8
      82.0       6.8
      83.0      18.1
      84.0       4.6
      85.0       1.7
      86.0       2.2
      91.0       8.4
      92.0      14.4
      93.0      80.0
      94.0      10.4
      95.0       3.6
      96.0       8.1
      97.0       2.0
     105.0       5.1
     106.0       1.4
     107.0       7.1
     108.0       2.0
     109.0      10.5
     110.0       1.1
     111.0       3.4
     119.0       2.0
     121.0      25.1
     122.0       2.5
     123.0       1.3
     127.0       1.4
     136.0      15.2
     137.0       2.0
     138.0       1.6
     139.0       2.8