      15.0       6.0
      18.0       1.4
      27.0       2.3
      28.0       2.8
      29.0       2.8
      31.0       1.3
      37.0       2.4
      38.0       6.6
      39.0      23.5
      40.0       1.0
      50.0       2.6
      51.0       2.0
      53.0       6.6
      61.0       1.7
      62.0       3.9
      63.0      13.2
      64.0      15.8
      65.0      24.2
      66.0       2.3
      74.0       1.2
      75.0       1.0
      76.0       1.6
      77.0       1.1
      81.0       1.6
      91.0       1.0
      92.0      65.7
      93.0      15.6
      94.0       1.3
     120.0     100.0
     121.0      30.4
     122.0       2.4
     152.0      44.3
     153.0       4.0
