      27.0       6.1
      28.0       1.7
      29.0       4.5
      39.0       9.4
      40.0       1.6
      41.0      13.0
      43.0       7.8
      51.0       3.5
      52.0       1.5
      53.0       6.3
      55.0       5.8
      63.0       1.1
      65.0       4.1
      66.0       1.2
      67.0       8.0
      68.0       4.7
      69.0       1.6
      77.0      22.3
      78.0       3.3
      79.0      18.9
      80.0       9.1
      81.0       3.9
      91.0      26.7
      92.0      32.2
      93.0     100.0
      94.0       9.9
      95.0       2.0
     103.0       1.3
     105.0       9.3
     106.0       2.6
     107.0       5.7
     108.0       1.4
     119.0       2.0
     121.0      14.0
     122.0       1.5
     136.0       6.6