      27.0       2.6
      28.0       1.4
      38.0       2.1
      39.0       8.1
      41.0       1.6
      50.0       6.8
      51.0      19.1
      52.0       4.6
      53.0       2.5
      61.0       1.0
      62.0       3.5
      63.0       8.0
      64.0       1.7
      65.0       4.1
      66.0       1.1
      67.0       1.0
      74.0       2.6
      75.0       2.9
      76.0       4.4
      77.0      27.1
      78.0      15.6
      79.0       5.3
      80.0       1.4
      80.5       1.0
      81.0       1.3
      89.0       2.0
      91.0       6.3
      92.0       1.5
      93.0       1.2
     102.0       5.2
     103.0      27.1
     104.0      39.0
     105.0      10.2
     106.0       1.6
     115.0       1.6
     119.0       2.9
     121.0       1.3
     131.0      34.8
     132.0      12.9
     133.0       3.1
     134.0       1.6
     135.0      30.8
     136.0       2.8
     147.0       1.0
     161.0      26.3
     162.0     100.0
     163.0      11.1
     164.0       1.0